15169 72
18888 1
35237 1
38895 6
26941 1
38283 1
393361 1
16276 4
137 1
54113 20
4264 1
32934 3
40824 2
58431 1
44932 1
14340 1
10837 1
62787 1
51773 1
12217 1
46244 1
2914 1
9370 1
45596 1
714 2
18365 1
38043 1
13414 2
43650 1
17012 1
36351 3
12827 1
41552 1
10967 1
25184 1
3561 2
58543 1
4134 2
39572 2
7162 1
27647 1
1668 2
37963 13
32787 1
52148 1
47541 2
36856 1
133478 1
17707 2
9308 1
14618 14
5602 1
23576 1
8137 1
58497 2
24572 1
134763 1
33011 1
36459 1
4808 18
197143 1
45062 1
26496 2
45102 2
9121 1
14829 1
16552 1
4196 1
22556 1
49063 1
49763 1
12240 1
22780 1
47764 2
12990 1
10782 1
15133 6
3313 1
18182 1
43996 1
5774 1
53635 1
200097 1
4812 2
3462 1
12008 2
29302 1
4755 1
16798 4
50974 1
19679 1
13238 2
3356 3
4713 1
792 1
24284 1
30361 5
7105 1
12876 1
50245 1
3614 1
31549 1
23650 1
24211 1
10794 1
22414 1
558 2
8891 1
132164 1
63541 1
59045 1
7497 1
23816 1
46652 3
29789 1
34587 1
201012 1
19769 1
43037 1
27257 3
33517 1
7922 1
8068 1
20940 14
41690 1
2818 2
24940 2
7643 2
9583 1
30060 1
702 1
12978 1
6619 1
23724 15
47105 1
13768 2
33047 2
9924 1
59050 1
4837 2
57976 1
42656 1
10922 1
46179 1
19994 1
134764 2
19024 1
62041 1
2510 1
9752 1
17451 2
60781 2
16509 34
2635 3
30633 1
8075 6
19324 1
38631 1
48737 1
13335 45
21735 1
8560 2
4611 1
9052 1
16625 3
10361 1
6623 2
12196 1
14413 2
7743 1
4694 2
12322 1
6102 1
50144 1
42926 1
133530 1
24638 1
61157 1
10934 1
37958 1
11643 5
4847 5
36646 1
28604 1
54994 2
19551 2
36647 1
17374 1
23820 1
40428 1
35415 3
23352 1
7941 1
9764 1
55960 1
53387 2
55825 1
3786 1
9808 1
21880 1
6461 2
9802 1
42775 1
9919 1
43821 2
53334 1
17184 1
26101 3
